0	302
0	303
0	304
0	307
0	315
0	316
4	302
4	303
4	304
4	316
6	316
9	740
9	743
9	746
10	740
10	743
10	746
12	291
12	294
12	302
12	303
12	304
12	307
12	316
13	290
13	291
13	292
13	294
13	302
13	303
13	304
13	305
13	307
13	309
13	311
13	315
13	316
14	303
14	304
16	291
22	268
22	272
22	291
26	291
27	734
27	751
28	290
28	291
30	291
30	751
32	291
32	383
32	452
32	454
32	751
35	383
35	734
35	751
36	347
36	349
36	383
36	734
36	740
36	750
36	751
36	776
38	343
38	344
38	345
38	347
38	349
38	675
38	676
38	680
38	734
38	737
38	740
40	333
40	335
40	343
40	344
40	345
40	347
40	349
40	734
40	737
40	740
41	332
41	333
41	335
41	343
41	344
41	345
41	347
41	349
41	740
41	743
43	291
43	307
43	309
43	311
43	315
43	316
43	383
43	740
45	311
45	315
45	316
45	333
45	335
45	343
45	344
45	345
45	740
47	278
47	291
47	452
47	454
47	751
48	263
48	266
48	268
48	272
48	276
48	278
48	280
48	290
48	291
48	452
48	454
49	452
49	454
49	750
49	751
51	263
51	266
51	272
51	452
51	454
51	751
53	272
53	751
53	754
53	756
53	758
53	760
56	272
56	751
56	758
59	729
59	750
59	751
59	758
62	729
62	751
65	728
65	729
65	734
65	751
69	263
69	452
69	454
69	751
69	754
69	766
69	785
70	450
70	452
70	454
70	751
70	754
70	760
70	764
70	766
70	768
70	770
70	773
70	774
70	784
70	785
71	243
71	262
71	263
71	452
71	454
71	458
71	785
73	262
73	263
73	450
73	452
73	454
73	770
73	785
75	247
75	262
75	263
75	446
75	449
75	450
75	452
75	454
75	456
75	458
78	446
78	449
78	450
78	456
80	446
80	449
80	450
80	770
80	785
80	810
84	247
84	251
84	444
84	446
84	449
84	450
84	456
84	461
84	505
84	508
84	509
88	228
88	231
88	243
88	263
88	785
89	227
89	228
89	229
89	231
89	241
89	243
89	245
89	247
89	262
89	263
90	228
90	784
90	785
92	227
92	228
92	231
92	785
94	785
94	794
96	199
96	203
96	794
100	235
100	237
100	760
100	785
104	228
104	785
104	800
104	815
105	784
105	785
105	786
105	788
105	794
105	798
105	800
105	802
105	804
105	810
105	814
105	815
106	209
106	227
106	228
108	228
108	815
110	209
110	213
110	227
110	228
112	579
112	581
112	585
116	227
116	228
119	217
119	228
119	509
119	511
119	562
123	197
123	209
123	228
123	815
124	193
124	194
124	195
124	197
124	199
124	203
124	207
124	209
124	211
124	213
124	227
124	228
125	814
125	815
127	194
127	203
127	815
129	203
129	815
129	818
129	820
129	822
131	194
131	203
131	822
135	203
135	794
135	815
139	194
139	815
139	818
140	814
140	815
140	816
140	818
140	820
140	822
140	828
140	830
148	585
150	585
154	581
154	585
154	834
154	841
168	844
217	511
217	513
217	514
219	511
219	513
219	514
221	514
247	509
247	511
250	508
250	509
250	511
250	513
250	516
250	518
251	456
251	458
251	505
251	508
251	509
251	511
251	513
251	516
251	518
253	505
253	508
253	509
253	516
253	518
255	516
255	518
258	511
258	513
258	518
260	518
263	454
263	458
276	454
276	458
277	458
278	454
278	458
282	454
282	458
284	432
286	383
286	430
286	432
286	452
286	454
286	456
286	458
311	379
311	381
311	383
327	369
327	371
327	373
343	379
344	379
344	381
344	383
347	778
349	673
349	675
349	676
349	776
349	778
353	389
353	393
353	778
354	389
354	391
354	393
354	776
354	778
359	420
363	404
363	411
363	420
364	404
364	406
364	408
364	411
364	414
364	417
364	420
377	426
377	436
378	426
378	428
378	430
378	436
383	452
387	442
387	446
387	449
387	450
388	442
388	444
388	446
388	449
388	450
388	452
388	456
388	458
389	776
389	778
391	778
393	778
393	782
396	469
396	472
396	475
396	639
396	641
396	645
396	778
396	782
399	475
400	472
400	475
400	478
401	778
401	782
402	462
402	469
403	462
403	464
403	466
403	469
403	472
403	641
403	645
424	491
424	495
425	488
425	491
425	494
425	495
440	501
441	501
441	503
441	505
446	645
450	770
450	773
450	774
450	776
452	774
452	776
460	522
460	643
460	645
461	522
461	524
461	526
461	643
461	645
462	643
462	645
464	643
464	645
466	645
469	641
469	643
469	645
482	532
483	532
483	534
483	536
483	539
483	540
483	541
499	546
499	550
500	546
500	548
500	550
509	562
511	562
520	558
520	562
521	558
521	560
521	562
524	590
526	590
530	568
531	568
531	570
531	573
531	575
531	590
581	806
589	842
591	840
591	841
591	842
593	842
595	842
598	842
601	842
603	834
603	837
603	840
603	842
605	806
605	828
605	829
605	832
605	834
605	837
605	840
605	842
608	829
610	816
610	828
610	829
612	829
614	829
623	816
623	829
624	799
624	802
624	806
624	814
624	816
624	818
624	824
624	828
624	829
627	799
632	810
633	804
633	806
633	810
635	804
635	806
635	810
637	810
638	810
639	780
639	782
639	810
641	780
641	782
643	810
647	799
649	798
649	799
651	799
653	799
661	786
661	799
662	765
662	768
662	770
662	784
662	786
662	788
662	790
662	792
662	798
662	799
665	765
665	768
665	780
667	765
667	773
667	780
667	782
670	765
670	773
670	776
670	778
670	780
670	782
676	732
676	737
678	764
678	765
678	766
678	768
678	773
678	774
678	776
678	778
678	780
678	782
680	732
680	750
680	752
680	764
680	765
680	774
680	776
680	778
682	765
684	764
684	765
686	765
688	752
688	756
688	764
688	765
694	752
694	765
695	730
695	732
695	750
695	752
695	754
695	764
695	765
