TIC1	TIC2
-0.9402642467306229	-0.5412198951412894
-0.8795455684733879	-0.5018594487513992
-0.8519003219297274	-0.5400531102348731
-0.8624097907832091	-0.3926595692632091
-0.8543934116815163	-0.5605683432986348
-0.8537975729567548	-0.5551424968227323
-0.8772978354880501	-0.4499147789617801
-0.8444428365229665	-0.6096726105717627
-0.8681924973585938	-0.5150038870524263
-0.8544526196117194	-0.5086725210314134
-0.8920478811536614	-0.6217472438104963
-0.8655133940755116	-0.5878022749264762
-0.8581937317478479	-0.6960628454786999
-0.8655441758274616	-0.4600613824649349
-0.8761224864213886	-0.43039383728885916
-0.8499460387453073	-0.5216153944241699
-0.8411803083498611	-0.5661057575110398
-0.8449961465772959	-0.7384242288027405
-0.8364528025725522	-0.5177585443905297
-0.84620932728747	-0.5763077254931708
-0.8363006639104235	-0.6331233991679204
-0.8396886342492008	-0.435130875517836
-0.8475117118642592	-0.3513843910026293
-0.828992813177861	-0.37090231431647513
-0.8563205136945076	-0.47027544032017454
-0.8827572346066241	-0.5229130553392518
-0.8492226433773993	-0.4121067957043749
-0.8345396598608139	-0.5420974665016662
-0.8759553857604339	-0.5828104449777634
-0.8810376429313234	-0.44658042561950717
-0.845650971443483	-0.4904472856304576
-0.8714576961458543	-0.46754915222616367
-0.8721412076624521	-0.6346531414060004
-0.8738823804670376	-0.5414984121916273
-0.8671868524735316	-0.44182026080372605
-0.8326577875612489	-0.41837431167039396
-0.8782537633107643	-0.5134207645339819
-0.845004919178163	-0.561261432653267
-0.8631625278818884	-0.45156865526718093
-0.8276720566831444	-0.35178328873127285
-0.8773138411911333	-0.5876505879465426
-0.8757322144058743	-0.723846279775664
-0.8897313725142332	-0.5891420758390122
-0.8836201793184394	-0.5016010564836355
-0.8845998339902224	-0.46678742378724314
-0.8764482331716876	-0.6599188924480615
-0.8696897184441644	-0.14590882127834703
-0.8703797598366678	-0.5095328565271537
-0.8698293961485446	-0.6270896356365685
-0.8636311599550754	-0.7809962835332748
-0.8485040927357681	-0.3329680913213635
-0.8580309424584271	-0.2683278246611982
-0.8692415192867328	-0.3333107226530787
-0.8773918954962088	-0.432564311508028
-0.8639491520187084	-0.5774392765649718
-0.8641672916519907	-0.5305167857576039
-0.887674322361198	-0.4922683530236722
-0.8677247269404468	-0.49561150236222895
-0.8830044557463965	-0.47205700910417514
-0.8688347319742766	-0.38016395738915554
-0.8415463963969942	-0.5901221200559137
-0.8454642165277408	-0.4515596191913187
-0.8160513188220855	-0.4937514451986613
-0.852025118173564	-0.4531328361950049
-0.8927329896024525	-0.2933686497289596
-0.8628682590703306	-0.41640779895907976
-0.822739313769661	-0.35417519289974475
-0.8060465504717936	-0.45166092108777844
-0.8706006927798872	-0.6072606401598375
-0.8593642625016035	-0.39010030459389444
-0.8651085774239151	-0.6933347913082946
-0.8322457610260902	-0.39323978856091957
-0.8658769323016565	-0.34169535759617364
-0.8815233285696006	-0.5630639179626975
-0.8523491428773085	-0.6599668594711279
-0.8301350360518842	-0.5051589580742926
-0.8512112939633988	-0.5488221717649591
-0.8667293091066428	-0.452904512346179
-0.8554231299564699	-0.5691793296572074
-0.8069778727880071	-0.6303727745155152
-0.8608776190592601	-0.44866638790301794
-0.8477936827322574	-0.37954504489671637
-0.8420387757100526	-0.3729672043043508
-0.8488451361342518	-0.3305973420492938
-0.8448058578033033	-0.264184584856066
-0.8673562035158074	-0.5239540285618194
-0.8676985659337666	-0.4372422768319355
-0.8528329654827912	-0.4364523573909822
-0.8490827634042346	-0.4360717837366068
-0.8851627809968043	-0.6315616249570826
-0.8557215406561482	-0.5712737862911124
-0.8851387116913958	-0.5081792524553594
-0.8366773537803899	-0.4918044721521484
-0.867880718052881	-0.4283599156839242
-0.8526000359483645	-0.36257327599803246
-0.8202921883728801	-0.5454171640603582
-0.8466942076412542	-0.46201436131033446
-0.8240764050821117	-0.37085400009924063
-0.8557815060769899	-0.4386628574016833
-0.8415800017678562	-0.2190824457294136
-0.8196704242285143	-0.3455212662177356
-0.8349896688073369	-0.20622325655382445
-0.8545301163539116	-0.40454545853250545
-0.8029649755840216	-0.3434955282795329
-0.8779003832636226	-0.5857088865571796
-0.8635011759276128	-0.5572152414265559
-0.8146406659097813	-0.4614659149146654
-0.8414832684218138	-0.4867510262485797
-0.8003242058033342	-0.52419213813595
-0.8490170044860365	-0.27101575095027286
-0.7971772296505228	-0.3600846980485768
-0.8112219012780394	-0.16843888016393116
-0.7869767317805629	-0.33040332627775726
-0.8141922083027981	-0.25846081762498896
-0.8016851108177724	-0.2967110430044251
-0.8320793048969777	-0.24307132548849797
-0.8152278084169791	0.10211256955133141
-0.7753090845600694	0.06321995729639873
-0.8100047879352353	0.20844664061454043
-0.8471348585751628	0.1588342179619282
-0.7906321321921311	0.059852639888667625
-0.8136080350308152	0.08918404506584121
-0.8219286144941383	0.15252174356514736
-0.8187882261578574	0.4073125958951058
-0.8496372129674201	-0.010034217033401127
-0.8264251702799917	-0.05690066861926368
-0.7820516401171728	0.20713839727035488
-0.7605930731562699	0.20201477547242064
-0.7657673639989732	0.22073139776228112
-0.7867951190990654	0.14570806167463868
-0.7571603640564895	0.1722354989032926
-0.7825064452631018	0.03579677456945651
-0.753466623429649	-0.008610455272140438
-0.7812022323641639	0.31205924166561383
-0.7975413783915207	-0.04318772565306617
-0.7781042403285885	-0.05083921427211635
-0.8103514978169359	0.04873101993997242
-0.8172566621245687	0.15256957198701881
-0.7588634933087955	0.3432550318709007
-0.7926401393861232	0.049230513996186165
-0.795561274439128	-0.09092416168056339
-0.8020826433595853	0.4350347886525645
-0.7689042041013174	-0.16546489266212294
-0.7893125096544132	0.08218482434121377
-0.7898463721388872	0.0688965379404225
-0.7485636171123515	0.18173629256304302
-0.8315604896526767	0.05876273307137181
-0.740736305032123	0.2547756399892416
-0.7911201502786986	0.37612966898525535
-0.7656592903107957	0.044446294605774206
-0.7839437934295473	0.17843483021035267
-0.7900386147055831	0.20580384495662507
-0.750941526564274	0.12377263304677388
-0.7729749584559158	0.27111298310034826
-0.7954655075880916	0.24538480546980956
-0.7856871566981003	0.10677448869115747
-0.770186202488462	0.2986001761102206
-0.7617292002452618	0.2211653158616338
-0.7752317221543847	0.1504367323852196
-0.8031717327586304	0.13900289159420787
-0.7705826717229733	0.13614902061291545
-0.7600486874586483	0.16565640847495144
-0.7802031745674687	0.2478491571705006
-0.786766762497626	0.20814596941319508
-0.7517244019737119	0.2198424046774088
-0.7504232964317685	0.09064321319143742
-0.7435365577484784	0.27199895308040123
-0.7840574015601341	0.4667510221972906
-0.8348288129639223	-0.05735324230040595
-0.7540443459742574	0.1680782129652454
-0.7567579948626338	0.21205304220468513
-0.7014042007002287	0.2032289030827661
-0.7809721881004194	0.04741066555906981
-0.7455504613101462	0.24388843177952024
-0.7488188868510607	0.1951903245809432
-0.764442749024691	0.1656484565931562
-0.7468975676437951	0.22198533254974562
-0.7590229600560375	0.05590295187929106
-0.7857282161712179	0.2434818802115144
-0.7575785673381891	0.2435163159553797
-0.7467872954339421	0.41076292918939794
-0.765447475840328	0.33793932286434103
-0.8042327159029634	-0.06011708939088711
-0.7683188355777194	0.22005721205086815
-0.789921988942394	0.6114848078122601
-0.8278625973415512	0.09501961053162677
-0.8452104419304142	-0.07614937364976981
-0.7631183458929922	0.01363573765534598
-0.7583623938688099	0.24460858560155785
-0.7806922354318435	0.13870013499784584
-0.8044609999151833	-0.08795979105222562
-0.8203401494927618	0.14227486486451202
-0.7394396703615981	0.13006819264905634
-0.7772008839261316	0.3013899424259501
-0.7779441981074329	0.14909865218254525
-0.8102430117935584	0.281371535795496
-0.7713164903552672	0.0862994180001091
-0.7886671561308498	0.07940158897715266
-0.7825155543362912	0.05834282288953485
-0.7589508094885049	0.26451456484305513
-0.7904281547565553	0.20939499603800638
-0.7998907713457317	0.07244213560186186
-0.8196019889983699	0.2890302489480385
-0.7980126379515126	0.16213285950858802
-0.7609896271240251	0.32071752616055704
-0.7802883074114619	0.10344697480234277
-0.7816515885679838	0.13257570084867254
-0.807803152226537	0.05878612631463165
-0.7847111843698049	0.3168228801181292
-0.8156752949938272	0.012969130278964958
-0.7355564787672562	0.43113205009322986
-0.7457804619677958	0.30755473544644873
-0.7672182107419254	0.20356849795524345
-0.7565643020423773	0.190637862077502
-0.7893188228750445	0.3052161413319583
-0.7567718988030802	0.3389367999373807
-0.7409780716022927	0.3332664827278653
-0.7771440654919046	0.30157445394560556
-0.7801812601922293	0.39922021504045224
-0.7834316803703463	0.32471851097418325
-0.7978977837451298	0.30525422892241405
-0.7708812616291333	0.32020593614934256
-0.7926802435088036	0.16809420837067623
-0.7765054716702018	0.25744315437780907
-0.7008930840530695	0.3861978675975899
-0.7648363090894077	0.23542696153100273
-0.7704217421062446	0.39560145923170387
-0.7798800313770109	0.3490648375653618
-0.782812601391132	0.3333086519688848
-0.7454315301334242	0.5382034063323364
-0.7817601567501401	0.28599788619319133
-0.7291688230134783	0.3255225298125768
-0.7009537980396909	0.33339547070599196
-0.756317412101186	0.2768039334383783
-0.756275076932849	0.22096023339150772
-0.7260570590209159	-0.2729897362879785
-0.7580614625242402	-0.018061997555396836
-0.7617881396389677	0.12078791553602697
-0.7568318450398972	-0.10309670813217497
-0.7488203708149038	0.225481119762581
-0.796569804094204	0.1314666068585817
-0.7580254335549526	0.2542919544028486
-0.7820381509865468	0.30562075933378186
-0.6838752341958745	0.32145198189845514
-0.722435818155813	0.3996353529056367
-0.7343257696901611	0.10192523424988953
-0.7227824521081586	-0.02017898356327441
-0.745109486163489	0.27800115443719475
-0.7422431073662095	0.4547175595856108
-0.7151307669495963	0.4619880862919703
-0.7381073946180894	0.3758108845836712
-0.7284115063381765	0.3961463721313967
-0.7157607491998975	0.3830934587272732
-0.7447316059391121	0.28968143252310297
-0.7247032533551961	0.31372822034336023
-0.7305304111833879	0.4756913202985533
-0.7098233436424326	0.5115984619459266
-0.7121777118374467	0.2130034639295042
-0.7032555117294623	0.4224254213013503
-0.7525650702061552	0.05364600851988133
-0.7326240708306937	0.18040998260565377
-0.739884476847632	0.21255378027273775
-0.7047202650415264	0.43844818918497763
-0.7147570589279609	0.33942374901514905
-0.6958487103497162	0.5478636631013609
-0.6626220164300027	0.21479535216703471
-0.7168386208027338	0.5056520340815864
-0.6684491727966418	0.1489939069939541
-0.7193964501983284	0.33983384080200807
-0.7091878340550297	0.36605446735059566
-0.6614395687900463	0.33574570071170395
-0.7254825369277271	0.35870160642961224
-0.7201434369896871	0.41394482816030065
-0.6669555286417276	0.3553468767449339
-0.6865575982106538	0.19806855064116924
-0.7422784382660566	0.055262222005074246
-0.6881504884099136	0.09571636314567344
-0.6808701372319135	0.32679901540405876
-0.7470316736768836	0.3990620592922256
-0.6745459949587712	0.5088228139646414
-0.646419060831912	0.5216770110480367
-0.5638882884576284	0.5031416506098116
-0.5951365765876118	0.4485680563948704
-0.68763918854305	0.23876598601880827
-0.6040791111481675	0.5921443696618569
-0.5710035624966361	0.4042030949710651
-0.5416147033587493	0.31502334696932444
-0.5058802357364409	0.20934890128000339
-0.4611265354748817	0.1317850098494482
-0.5261218823581026	0.19494206373949252
-0.5471625676571965	0.44602253010389203
-0.5084632487279874	0.16802780348783264
-0.4338379446396556	0.06982908571667457
-0.4370715753875637	0.48078742537617924
-0.45953509387636515	0.3574572978932613
-0.4309617313299795	0.02612802253774582
-0.42844090997296763	0.11107089054048824
-0.42529092679333813	0.022113698819730132
-0.3494453319847488	0.08644692509922836
-0.42353264094985	0.0716879580462142
-0.448123893479362	0.13164406028603448
-0.4591979159797306	-0.015474728433735763
-0.40876293888201587	-0.28453526546551267
-0.5005346999196216	0.25264232364557326
-0.43399494391681226	0.08659891200754455
-0.41138930298903253	0.24219909829568786
-0.4031336042355229	0.2697827617245614
-0.5257278879495781	-0.06793279134134256
-0.46995625212216197	-0.12263404481086981
-0.47503155688460885	-0.16785368488484664
-0.5010213270578803	-0.035457887143505395
-0.5077176405093686	0.2871121841416442
-0.4962155140586033	-0.10449799867583254
-0.4424671381065657	-0.24269369373961425
-0.3425245865312786	-0.3360779860662477
-0.4264024724203297	0.07448083569086172
-0.4808696099465868	0.06688403014914002
-0.43743899049186297	-0.08643170592919258
-0.37748329398968705	0.10953448480207051
-0.43236681519504827	0.2464914033160981
-0.41910139904336546	0.28588499037145976
-0.5212365937417811	0.20394997233558287
-0.48253292278274496	0.19048689530339447
-0.430527343879464	0.073446810041915
-0.3446375773426994	-0.06687626833310567
-0.39114452446132447	0.1830280597288816
-0.3855405383777362	0.05560644322980135
-0.39109819619469643	-0.08974061933989574
-0.34141112561385323	-0.15219580841370028
-0.44790225962319674	0.3663901551342521
-0.296355111445186	0.13598356474303408
-0.37616672397093665	0.23973788236333515
-0.3473547728411457	0.3206470986880934
-0.2932379037277755	0.11320753094408698
-0.2765308647267888	0.2958532046750255
-0.2935784375973385	0.29947938824855846
-0.3158790988821395	-0.09799019019435917
-0.2249704797226928	0.1177680307590343
-0.29755133892259256	0.2383772882855446
-0.2558984982545329	0.411463076001759
-0.27462277734356144	0.30419939784080796
-0.35651039967041	0.4083973385727582
-0.3680518278047027	0.5790827663086411
-0.3666062618610997	0.31627245805189563
-0.3760339066882148	0.6048731966841734
-0.34704570822228464	0.3500709698052962
-0.24091884893613336	0.39770626774404594
-0.38962205923941506	0.6170342679566243
-0.3686952897792404	0.609826561846937
-0.3555318053546973	0.17910790135894317
-0.23957642394091994	0.29641594488086564
-0.2605337313281444	0.22031541517791364
-0.28460948873425784	0.5921587093059042
-0.2836888122500827	0.22393499330376176
-0.23137851903203044	0.2549110626118818
-0.24401684653993105	0.12983990639245313
-0.24642022665206476	0.13453834899549832
-0.20877611599319046	0.17986560461033196
-0.21720603812886796	0.40115431717526207
-0.26885433586088336	0.06691076449193467
-0.31738050237325977	0.11927585824341591
-0.2578097729365374	0.11653854286873777
-0.3761929722051802	0.17005795231402931
-0.3089004836936169	-0.06755830148665387
-0.38667223838781595	-0.027076733371917072
-0.42056951800124664	0.2675665329212924
-0.42030986401096326	-0.20182810247266492
-0.38122691998932257	0.2324089382532959
-0.4087862496978337	0.07266334172229083
-0.3394051860206355	-0.004528043624551614
-0.3486194531194955	0.15723011560024336
-0.2705552677910559	0.025570996814400004
-0.3265578907700628	0.30074868377602026
-0.3801879273699635	-0.021370569921676186
-0.3219680729309501	-0.06084513916743184
-0.33980240319711486	0.10141087848266128
-0.2404613992527438	0.23829736052748896
-0.3470128686147088	0.06386063625484173
-0.2774070289747954	-0.3768670078449752
-0.2953241645874505	-0.0354224334629496
-0.27761642615461724	-0.02167468649132509
-0.35212834906050416	-0.00941545514566311
-0.37889505050626704	0.1784604996255057
-0.33759402390846294	0.1418381473715673
-0.3316787083317899	0.21133787492893674
-0.3222004271208796	0.021930645992760844
-0.3263785162046562	-0.25474597888744466
-0.37840610899182203	0.10784725452441357
-0.353148611981565	-0.09007860640614407
-0.3445325701991975	0.11288605774405314
-0.35301009393694716	0.0565946832180928
-0.32108788667989785	0.16234178704952118
-0.32313479764344677	0.2882312536598137
-0.27450180127718604	0.3260416632903773
-0.31349096723480496	0.22178375986798748
-0.23910549726695163	0.3130738521734422
-0.24378107149878603	-0.02902426258495705
-0.32958178852718856	0.17968850586571872
-0.3993166258595118	0.13207666809873153
-0.2717702729407503	0.0676135649893741
-0.22639945621601876	0.30762798422987636
-0.23039215417781844	0.07274759151999977
-0.20716621402541135	-0.17182135726133385
-0.18252208694246774	0.24993106551293653
-0.20753703703670645	0.05994716754893048
-0.2551186075893399	0.0019334211176964544
-0.2081053036261582	0.09559803486585938
-0.32182282266492845	0.10490797645759642
-0.23321759925315844	0.16243035754295843
-0.25686093200106214	0.3398562327260741
-0.18889395405357656	0.014398009483561403
-0.22535070073932706	0.11954553933485279
-0.19604111162333115	0.2414495722407537
-0.22167050335451144	0.45558748520898185
-0.19041759630618693	0.35611777858524896
-0.1923812654930892	0.16871906679642645
-0.32148026608769065	0.2834638004887191
-0.2304865377862303	0.08931880520658453
-0.19553762598308577	0.43535923123741593
-0.2374748410568397	0.11791122590423786
-0.26220983315622526	-0.16700321820125286
-0.2910890506671606	-0.16359013961973634
-0.3716628751507656	-0.2314989660418476
-0.3765041080732057	-0.09023537315621155
-0.37273673007439234	0.013440605849206477
-0.34757692636698634	-0.15536213831528922
-0.3659933077196823	-0.12559935845834325
-0.40682543454347464	-0.08887229802564711
-0.3340857306161644	-0.2557073218695409
-0.3029612142672983	-0.10535976586703999
-0.3583168719091322	-0.012620557531148435
-0.35780664534776996	0.22754590036787548
-0.3578779314623489	0.300945667436741
-0.24585893287399674	0.2901557906663408
-0.26832177636075116	0.8004242818458875
-0.31466477340699806	0.24479855060776945
-0.3301367395121674	0.0507924849201391
-0.31788770431143054	0.1632159405665874
-0.3035815738124483	0.26037579331085015
-0.3657367466481175	0.13257713905342783
-0.38603697700249295	0.4110726993419229
-0.34245842678483507	0.15889681772498854
-0.39352744387284033	0.3625451034507927
-0.35060030524299945	0.1946732837104701
-0.3861116087986015	0.15864425839030272
-0.3101524059286942	0.4405198402269592
-0.34563558389107263	0.40960178112212464
-0.33258961637897233	0.1782351398551576
-0.32552935220638823	0.4574066084154338
-0.3450194419072279	0.5132334816803521
-0.33042778186501576	0.20077783978003616
-0.3464249156728153	0.2897982173856519
-0.3452270669461027	0.48604732493392433
-0.3573849285124897	0.21388119704402708
-0.3450404510042847	0.25770737667562393
-0.23511058608884305	0.2223921141786862
-0.28740543138185837	0.08436362148906795
-0.3140070947582405	0.12323045432315727
-0.2737933057264953	0.11577278304777927
-0.36280126263318113	0.2528842368808544
-0.31563156041503904	0.393977101584154
-0.2922306308575493	0.17915251409485933
-0.33058383680090253	0.4017083700983717
-0.34211281058146703	0.14499935171503608
-0.35343890588282967	0.09767665521771551
-0.31599064582946923	0.19425043521322305
-0.25859282416997453	0.11443712077437063
-0.2910869825997462	-0.005171672773859548
-0.29984220425028085	-0.08007309440285937
-0.37690049940233494	0.16023048160472264
-0.2275497380430973	0.015421730146493395
-0.3009404378187226	-0.03139330476400559
-0.30262980078047463	0.3469790318103252
-0.26586145861901156	0.23607104414433433
-0.28580087702319346	0.25647125006304883
-0.3276991464871878	-0.2014340971777262
-0.3056761862890872	0.06048420435386603
-0.32305010215645535	-0.3992665571808338
-0.3322114756804654	-0.25786336894219275
-0.34168668786384393	-0.10848592148666292
-0.3569477134438329	0.013438524500208437
-0.31222727474579126	-0.18267886825905943
-0.3428418628289117	-0.07854482211685543
-0.3857623999984824	0.021380383958619298
-0.39525929836343243	0.019776375079230135
-0.33743327759709724	0.23444169258996173
-0.30459953286570995	0.25204491808206875
-0.279461343442283	0.1301335991302821
-0.3585550317650329	0.023877619779435477
-0.2737844689430591	-0.0213633721013764
-0.30779921295406354	0.46729796134318313
-0.32724414080781405	0.6143903952431868
-0.265438235811187	0.4405734501590617
-0.2335161253564665	0.7264518298386147
-0.31638766920411643	0.5483815634805929
-0.2469001369719357	0.3487229502562412
-0.2875948422234881	0.19184060253810564
-0.2203002230279515	0.4655430533101592
-0.2224851734198936	0.36563619516693
-0.207877145832994	0.5693083261784757
-0.2626334530424238	0.3308429162458104
-0.31689251798002616	0.3688955424670528
-0.3446673634313089	0.578582127140824
-0.3915358687735869	0.303036905854964
-0.3766774181070064	0.5936474735181276
-0.3395084432698481	0.514646956652542
-0.35584106989886055	0.6296100265188187
-0.3425059784148581	0.19299474835567132
-0.25809101285210934	0.24465766737814842
-0.3376857717614703	0.5604401506513499
-0.36072434778460805	0.29095607544795055
-0.3599985500953162	0.462319770040037
-0.30930276400235746	0.5512005006860772
-0.34795847571574257	0.33348776449915896
-0.32406948042819006	0.303956972009253
-0.23733898079803672	0.4933154396194608
-0.33494175631236367	-0.003961304525873288
-0.3645412518450958	-0.00317488344116601
-0.317584348072371	0.28679733293400567
-0.37263402848725735	0.23911920276965581
-0.3360490817670333	0.182602870929502
-0.35054429738707715	0.16266752441137733
-0.31292683515358766	0.17793343678614892
-0.34423894996004756	0.27355589144209436
-0.3464733752231053	0.1788681981146647
-0.42735722165326195	0.03479113158303271
-0.22728509452195111	0.14007769221888555
-0.15715526604996566	0.2835828037663646
-0.2606089672510876	0.11622502414453262
-0.2457283443847862	0.2290196638273363
-0.26253161697035265	0.26645205661744953
-0.19871714545890695	0.09129834810276627
-0.20912670986981374	0.4891630389026185
-0.2511036356094052	0.19286975581712973
-0.24548231305990664	0.0642303388397023
-0.16602521482088317	0.3079071329823355
-0.26783306832849374	0.21300502027296542
-0.20340503783255504	0.005135559623925978
-0.22227475718677625	0.19073889177709358
-0.2068193085974228	0.08656747194464032
-0.28630710112005375	0.09016111495843404
-0.2112025925316885	0.18552178895801497
-0.1961717542707493	-0.01775948275964012
-0.16318983380329555	0.29053603167808806
-0.14680393126670666	-0.0932249149706248
-0.23129731259452746	0.14718353389950778
-0.28580673219810593	0.27242636912413865
-0.29076742626058416	0.6161603864349399
-0.25199187424689384	0.49999288759143834
-0.25043724533609013	0.6916750314740963
-0.3044018847113805	0.6438222686257946
-0.21024618150936014	0.4546480604441898
-0.11053171769840242	0.638539865222473
-0.22560826149349977	0.2519223859450417
-0.15733387259226572	0.23654381213461662
-0.15605331982477155	0.18163141021232665
-0.1339108729726619	0.8889634769007015
-0.1825071390297911	0.35666576372141723
-0.14616812891321773	0.09510383520225929
-0.23135896574266046	0.2548537706877516
-0.17170961250866656	0.5114859322588297
-0.23385616371922913	0.3134768695179284
-0.17566944212266478	0.3154619834687189
-0.12062529287654566	0.39151806749972895
-0.2412532147433708	0.3975145227375485
-0.23994310401509966	0.5818893264379721
-0.19523705402227987	0.5446154109911054
-0.17921049086091512	0.5042601628406649
-0.18541948974488576	0.5023804822529652
-0.16086710015084327	0.5957814287819119
-0.13605819756196746	0.5846672764361642
-0.13065560248520813	0.4168789677910665
-0.08529831164746438	0.2759488130352521
-0.09557342734902474	0.5735372550272526
-0.09473127383731295	0.19466616781266044
-0.14061345917969525	0.26446238833039715
-0.14002404673706637	0.3161299391631758
-0.12589956723395268	0.26377753464504927
-0.03552611350285528	0.23928069009308572
-0.09239018169793356	0.12533253424502977
-0.08379010993118619	0.30493439056306926
-0.03682136171487893	0.3005236246502516
-0.04863874042955052	0.24553636262240275
-0.07068322667034765	0.29226695789546575
-0.11879621641051075	0.4662099710096128
-0.1081512162573286	0.3800246706503927
-0.07747385809464746	0.18841551009423707
-0.04874597764748034	0.1490810681293775
-0.061618863630114706	0.618978749382169
-0.10964961574060306	0.3958243133750834
-0.03457977887959651	0.1155505365372198
-0.1042367082188782	0.5016572505465628
-0.10181617741447546	0.23366828503189918
-0.06387826235004046	0.26026701707001365
-0.046307584412725866	0.6003449933270435
-0.0892560096096695	0.28649834494534776
-0.010127613328923202	0.3939760573301685
-0.048445863654779764	0.24073765398744928
-0.033189704240913276	0.5574619056716461
0.035584365982026966	0.31056542653504593
0.036526808326860616	0.6718331423949992
0.005808673605003589	0.8364212667174522
0.003287370252192501	0.8333092124007297
0.11044596078566693	0.4512313061500475
0.067260688503338	0.4607432271308083
0.15783513574015107	0.46191079619727393
0.1634809073070973	0.41766049049417564
0.11369087613851736	0.3314208492017121
0.11583976056008227	0.49300057206777126
0.12907278158866564	0.36665713431568925
0.17782886658861008	0.5327068404568376
0.01721499104312363	0.5507857398399993
0.21666702043115516	0.37330014508071496
0.19352996304158765	0.23349405530194645
0.20846784965627796	0.2185745501827041
0.24094957900077008	0.40541088433661976
0.23674808166493921	0.415221134594673
0.2845301805431202	0.39839672524988323
0.30336510489938195	0.7235019452242089
0.2935959678233129	0.3326555035866452
0.30495928744602985	0.4102278195349678
0.32528680149656264	0.2965404680985291
0.36543614587788875	0.6047469116235014
0.22209053511527488	0.5690413366256679
0.24860011964693918	0.8043088180616988
0.3562065460121673	0.4628884173749541
0.256754828417904	0.47830336111243454
0.306302593085062	0.4883603702159345
0.32622145832192295	0.49752121762672585
0.3182183387891371	0.17831030468115872
0.39454566000764224	0.2776186709813615
0.3806462826823038	0.42980456658123956
0.38101467134468514	0.4270234508827828
0.313076461102094	0.5817842429341891
0.367279606514312	0.36000410726001486
0.3580778067964263	0.12614710433327936
0.3538369383743625	0.15195351555045455
0.4036281193613589	0.06723850176597468
0.40425229982759125	0.3088310780553003
0.3203233553462166	0.4304845338006187
0.31800191759148033	0.3283256284636513
0.38882758103136217	0.2375464724307621
0.4081087736468767	0.3512678574519381
0.3993913799457576	0.3354681201455234
0.4022627436510744	0.37099690643083827
0.4337048459311199	0.23081307842426824
0.34969894399607426	0.10401942285834886
0.49937169841442275	0.13941182339688174
0.4177461104538125	0.3023673105224093
0.39512182618011726	0.3269737662747546
0.43820941143555237	0.5718983311556576
0.34833135977709473	0.29582932110283755
0.3567242549867191	0.3262719863279151
0.4132227210127839	0.22258850068227565
0.43322832506869347	0.23075950896558517
0.45303838657486306	0.3021632464412276
0.43238082074833617	0.40299792237816634
0.3694585374907571	0.32653990973940816
0.35855146886424505	0.44486114426475654
0.3576316705094431	0.2097437873766994
0.3994171388867662	0.5891406997443385
0.37171792399374537	0.4735341353160831
0.3164953219704252	0.44662417325552495
0.41305748408259957	0.48286166377386674
0.40321312469815007	0.4801384572247498
0.5094803520349034	0.37470852362704266
0.5163883510920333	0.8660409021135731
0.6613989777259697	0.751292819337186
0.5968966127819972	0.8841314125810049
0.6505892715747441	0.6353806507776794
0.6625626494933514	0.7212677777498531
0.6973975731719637	0.3123579173710942
0.7786397007797645	0.5874693478559845
0.6395810175564018	0.7242978417147148
0.66351729099723	0.39086977247607013
0.5242197349185798	0.8401603794025965
0.639611536949066	0.20760709937715305
0.6104486003111349	0.9046817785046448
0.6601046458258883	0.9325358705346591
0.5539727801670211	0.7299322972967754
0.5738932217135968	0.8442480685038074
0.6638160862956592	0.7957690444342749
0.5895220328146058	0.7577976248796876
0.5643265381668892	0.8144417760228579
0.5644380877966975	0.6090290948182551
0.5819041199619215	0.6591821152243842
0.6696717346196444	0.659255209337871
0.6809877471066064	0.6560996135569068
0.6618916589108119	0.7769791478661583
0.6481904754703773	0.8049719993256712
0.6097962751361425	0.9338443595841528
0.6111694305272186	0.5741406777897575
0.6438173491062757	0.6357738544731628
0.6995090118513745	0.8750399822573129
0.7134040909841723	0.2694846430261304
0.7183642105989225	0.42073550027481765
0.7327250005104871	0.5209634707094426
0.6232970395642421	0.41593328611959457
0.7065820287283082	0.45154171430304535
0.732706954750876	0.5215509708046091
0.6531187628496942	0.46895266123347135
0.7356646471473973	0.3869623652478307
0.7183247064206508	0.41064049294280913
0.6122324098146752	0.40857708151356675
0.6701444212644603	0.38849586015270177
0.7862626236253445	0.027280907430914603
0.7356342374507561	0.566643192612029
0.7315113501079962	0.4546040535016924
0.6764804691943147	0.6424039807545028
0.6827020479741432	0.7029212832960803
0.7076920049527868	0.6402354775142203
0.7393502934411051	0.6269200779544928
0.7901173003924002	0.7674365298113894
0.8500908606210986	0.37383629171052424
0.6795102104777966	0.6724125217989307
0.648473767799775	0.8672231089073077
0.6438685656780008	0.8625810436792397
0.705638581543143	0.8635166411208139
0.6580088849989414	0.7250085210714663
0.6972388763577362	0.6761623137148907
0.649002209154319	0.7418685253853159
0.7432205743793316	0.4726366019518595
0.7813142495753871	0.8729618901363674
0.6751064144770336	0.6985776704936876
0.6751436639345334	0.753874695061949
0.6754224705055636	0.5493525818572396
0.7149944736590186	1.0743954543689294
0.7889254372289551	0.6523883839249942
0.8056596192506591	1.2649398272309016
0.8570158282686435	0.9639940958186068
0.7826836434054281	0.8475913455188666
0.7199181469884035	0.9315758319815497
0.8349292621315278	0.8975856241102242
0.7864581875103509	0.7057842010118462
0.7944893792397023	0.8850341683062757
0.7594123631637144	0.746358267944272
0.7914724284113079	0.9311982511986763
0.7691871967362234	0.4312251714245472
0.7766977768125471	0.9333759490855851
0.7720558371295629	1.0860537092997444
0.7205516273708623	0.8278061953250857
0.7294654035023864	0.7190677279179125
0.727916121666544	1.0459845708464548
0.6033777227559822	0.49030452815499315
0.648085034825816	0.8620306762969219
0.6687810387475501	0.6705531197135857
0.6511135484019643	0.5950693133840992
0.6697152688722765	0.30982751278448895
0.6135667226495398	0.4841118377368945
0.63607673265156	0.8104696300917693
0.7248410994188923	0.8212735355586678
0.7565904009396247	1.0531672927493387
0.6283185848125887	0.6149007621621001
0.7268022081961343	0.4660497400339112
0.6488878776747455	0.7822661487102005
0.7596124999699327	1.228818691800819
0.726644007390858	1.341509068482303
0.8110767107515597	0.8094110796744092
0.815469699113132	0.8762967187912193
0.6963987749150009	0.948473625794582
0.6030414606585266	0.9377305652656184
0.7241067185737942	1.247635643999613
0.78866723651588	1.2146766164939216
0.8467687369321419	0.8570420817570036
0.8617598076710076	0.7280793502793661
0.7829276068094524	0.7339621616555356
0.834385288114035	0.9479309716264415
0.6750120043698811	1.1666496794017795
0.8426636996877264	0.6924837163111461
0.7179734060898681	1.1680995427024778
0.7848039763780337	1.1519004818023375
0.8064846606730853	1.068204337978373
0.9178194498817227	0.93394324226389
0.9685889024419723	0.9612940819233646
0.9209443133790209	0.7813195759599827
1.006444072041547	0.48910071687067447
1.0119184995130794	0.6694575936810665
